10905000
11382000
12210000
11934000
11835000
11133000
10293000
9942000
10116000
10854000
10101000
10449000
9708000
9168000
10293000
10044000
10101000
9654000
8586000
8421000
8943000
9768000
9282000
9507000
8757000
8490000
9429000
9303000
9222000
8712000
1443000
1509000
1575000
1542000
1536000
1404000
1332000
1245000
1161000
1251000
1146000
1224000
1068000
1023000
1158000
1080000
1059000
975000
912000
867000
882000
924000
873000
906000
792000
768000
837000
798000
795000
738000
8754000
9495000
9723000
10242000
10851000
10869000
11115000
11304000
11787000
12717000
12495000
13911000
13656000
13284000
15702000
14763000
15396000
15360000
15672000
15903000
16620000
17889000
18048000
19971000
19800000
19326000
21972000
21072000
21603000
21087000
